  1.2500000000000000e-01
  1.2500000000000000e-01
  1.2500000000000000e-01
  1.2500000000000000e-01
  1.2500000000000000e-01
  1.2500000000000000e-01
  1.2500000000000000e-01
  1.2500000000000000e-01
  1.2500000000000000e-01
  1.2500000000000000e-01
  1.2500000000000000e-01
  1.2500000000000000e-01
  1.2500000000000000e-01
  1.2500000000000000e-01
  1.2500000000000000e-01
  1.2500000000000000e-01
  1.2500000000000000e-01
  1.2500000000000000e-01
  1.2500000000000000e-01
  1.2500000000000000e-01
  1.2500000000000000e-01
  1.2500000000000000e-01
  1.2500000000000000e-01
  1.2500000000000000e-01
  1.2500000000000000e-01
  1.2500000000000000e-01
  1.2500000000000000e-01
  1.2500000000000000e-01
  1.2500000000000000e-01
  1.2500000000000000e-01
  1.2500000000000000e-01
  1.2500000000000000e-01
