  5.1431107073833443e-02
  5.0603897281105703e-02
  4.8907200868576521e-02
  4.8628942241969904e-02
  5.4249788694051782e-02
  5.1282247619664649e-02
  4.8309736998660029e-02
  5.3083177751291760e-02
  5.3264485967312168e-02
  4.7032067445633721e-02
  5.3838754811443221e-02
  4.6132650204738161e-02
  5.2269478559262131e-02
  4.6573970661490258e-02
  4.6533988949852577e-02
  4.5892861531267620e-02
  5.4755345426404887e-02
  4.7388804324240252e-02
  5.3287978319982256e-02
  4.6142576903161189e-02
  5.0313695634831380e-02
  4.8001429737399640e-02
  4.7789745602345973e-02
  4.7669880318661845e-02
  4.7968425256196434e-02
  4.8555784160487649e-02
  4.4984289827847766e-02
  4.8044685699316664e-02
  4.4516245566045456e-02
  4.5026247445644221e-02
  5.2111292203719344e-02
  5.4303454058800882e-02
  4.3755221132430966e-02
  5.4652707130225714e-02
  4.8653837300193695e-02
  5.0403163174587005e-02
  4.5770663188067398e-02
  4.8408481451977597e-02
  4.8425162768404230e-02
  5.0509683591720936e-02
  5.0874360081362584e-02
  4.8171482156020365e-02
  5.1004461166815833e-02
  4.9201484529252153e-02
  5.1884259525538996e-02
  5.0549136317280807e-02
  5.2768877288795223e-02
  4.4510668435835815e-02
  4.5348849286316564e-02
  5.2071937437934174e-02
  5.7745974403858785e-02
  4.9529787176097947e-02
  4.6993768993743718e-02
  4.9563412015043426e-02
  4.7148442000961695e-02
  5.3221528564474860e-02
  4.8715218911891421e-02
  5.0965557714488685e-02
  4.9359835659426761e-02
  5.2775484235957938e-02
  5.4279550343172528e-02
  5.1692402716840682e-02
