        63          41          62
       100          62          61
       122         100         121
       159         121         120
       181         159         180
       218         180         179
       240         218         239
       277         239         238
       299         277         298
       336         298         297
       358         336         357
       395         357         356
       417         395         416
       454         416         415
       476         454         475
       513         475         474
       535         513         534
       572         534         533
       594         572         593
       631         593         592
       653         631         652
       690         652         651
       712         690         711
       749         711         710
       771         749         770
       808         770         769
       830         808         829
       867         829         828
       889         867         888
       926         888         887
       948         926         947
       985         947         946
      1007         985        1006
      1044        1006        1005
      1066        1044        1065
      1103        1065        1064
        65          42          64
       101          64          63
       124         101         123
       160         123         122
       183         160         182
       219         182         181
       242         219         241
       278         241         240
       301         278         300
       337         300         299
       360         337         359
       396         359         358
       419         396         418
       455         418         417
       478         455         477
       514         477         476
       537         514         536
       573         536         535
       596         573         595
       632         595         594
       655         632         654
       691         654         653
       714         691         713
       750         713         712
       773         750         772
       809         772         771
       832         809         831
       868         831         830
       891         868         890
       927         890         889
       950         927         949
       986         949         948
      1009         986        1008
      1045        1008        1007
      1068        1045        1067
      1104        1067        1066
        67          43          66
       102          66          65
       126         102         125
       161         125         124
       185         161         184
       220         184         183
       244         220         243
       279         243         242
       303         279         302
       338         302         301
       362         338         361
       397         361         360
       421         397         420
       456         420         419
       480         456         479
       515         479         478
       539         515         538
       574         538         537
       598         574         597
       633         597         596
       657         633         656
       692         656         655
       716         692         715
       751         715         714
       775         751         774
       810         774         773
       834         810         833
       869         833         832
       893         869         892
       928         892         891
       952         928         951
       987         951         950
      1011         987        1010
      1046        1010        1009
      1070        1046        1069
      1105        1069        1068
        69          44          68
       103          68          67
       128         103         127
       162         127         126
       187         162         186
       221         186         185
       246         221         245
       280         245         244
       305         280         304
       339         304         303
       364         339         363
       398         363         362
       423         398         422
       457         422         421
       482         457         481
       516         481         480
       541         516         540
       575         540         539
       600         575         599
       634         599         598
       659         634         658
       693         658         657
       718         693         717
       752         717         716
       777         752         776
       811         776         775
       836         811         835
       870         835         834
       895         870         894
       929         894         893
       954         929         953
       988         953         952
      1013         988        1012
      1047        1012        1011
      1072        1047        1071
      1106        1071        1070
        71          45          70
       104          70          69
       130         104         129
       163         129         128
       189         163         188
       222         188         187
       248         222         247
       281         247         246
       307         281         306
       340         306         305
       366         340         365
       399         365         364
       425         399         424
       458         424         423
       484         458         483
       517         483         482
       543         517         542
       576         542         541
       602         576         601
       635         601         600
       661         635         660
       694         660         659
       720         694         719
       753         719         718
       779         753         778
       812         778         777
       838         812         837
       871         837         836
       897         871         896
       930         896         895
       956         930         955
       989         955         954
      1015         989        1014
      1048        1014        1013
      1074        1048        1073
      1107        1073        1072
        73          46          72
       105          72          71
       132         105         131
       164         131         130
       191         164         190
       223         190         189
       250         223         249
       282         249         248
       309         282         308
       341         308         307
       368         341         367
       400         367         366
       427         400         426
       459         426         425
       486         459         485
       518         485         484
       545         518         544
       577         544         543
       604         577         603
       636         603         602
       663         636         662
       695         662         661
       722         695         721
       754         721         720
       781         754         780
       813         780         779
       840         813         839
       872         839         838
       899         872         898
       931         898         897
       958         931         957
       990         957         956
      1017         990        1016
      1049        1016        1015
      1076        1049        1075
      1108        1075        1074
        75          47          74
       106          74          73
       134         106         133
       165         133         132
       193         165         192
       224         192         191
       252         224         251
       283         251         250
       311         283         310
       342         310         309
       370         342         369
       401         369         368
       429         401         428
       460         428         427
       488         460         487
       519         487         486
       547         519         546
       578         546         545
       606         578         605
       637         605         604
       665         637         664
       696         664         663
       724         696         723
       755         723         722
       783         755         782
       814         782         781
       842         814         841
       873         841         840
       901         873         900
       932         900         899
       960         932         959
       991         959         958
      1019         991        1018
      1050        1018        1017
      1078        1050        1077
      1109        1077        1076
        77          48          76
       107          76          75
       136         107         135
       166         135         134
       195         166         194
       225         194         193
       254         225         253
       284         253         252
       313         284         312
       343         312         311
       372         343         371
       402         371         370
       431         402         430
       461         430         429
       490         461         489
       520         489         488
       549         520         548
       579         548         547
       608         579         607
       638         607         606
       667         638         666
       697         666         665
       726         697         725
       756         725         724
       785         756         784
       815         784         783
       844         815         843
       874         843         842
       903         874         902
       933         902         901
       962         933         961
       992         961         960
      1021         992        1020
      1051        1020        1019
      1080        1051        1079
      1110        1079        1078
        79          49          78
       108          78          77
       138         108         137
       167         137         136
       197         167         196
       226         196         195
       256         226         255
       285         255         254
       315         285         314
       344         314         313
       374         344         373
       403         373         372
       433         403         432
       462         432         431
       492         462         491
       521         491         490
       551         521         550
       580         550         549
       610         580         609
       639         609         608
       669         639         668
       698         668         667
       728         698         727
       757         727         726
       787         757         786
       816         786         785
       846         816         845
       875         845         844
       905         875         904
       934         904         903
       964         934         963
       993         963         962
      1023         993        1022
      1052        1022        1021
      1082        1052        1081
      1111        1081        1080
        81          50          80
       109          80          79
       140         109         139
       168         139         138
       199         168         198
       227         198         197
       258         227         257
       286         257         256
       317         286         316
       345         316         315
       376         345         375
       404         375         374
       435         404         434
       463         434         433
       494         463         493
       522         493         492
       553         522         552
       581         552         551
       612         581         611
       640         611         610
       671         640         670
       699         670         669
       730         699         729
       758         729         728
       789         758         788
       817         788         787
       848         817         847
       876         847         846
       907         876         906
       935         906         905
       966         935         965
       994         965         964
      1025         994        1024
      1053        1024        1023
      1084        1053        1083
      1112        1083        1082
        83          51          82
       110          82          81
       142         110         141
       169         141         140
       201         169         200
       228         200         199
       260         228         259
       287         259         258
       319         287         318
       346         318         317
       378         346         377
       405         377         376
       437         405         436
       464         436         435
       496         464         495
       523         495         494
       555         523         554
       582         554         553
       614         582         613
       641         613         612
       673         641         672
       700         672         671
       732         700         731
       759         731         730
       791         759         790
       818         790         789
       850         818         849
       877         849         848
       909         877         908
       936         908         907
       968         936         967
       995         967         966
      1027         995        1026
      1054        1026        1025
      1086        1054        1085
      1113        1085        1084
        85          52          84
       111          84          83
       144         111         143
       170         143         142
       203         170         202
       229         202         201
       262         229         261
       288         261         260
       321         288         320
       347         320         319
       380         347         379
       406         379         378
       439         406         438
       465         438         437
       498         465         497
       524         497         496
       557         524         556
       583         556         555
       616         583         615
       642         615         614
       675         642         674
       701         674         673
       734         701         733
       760         733         732
       793         760         792
       819         792         791
       852         819         851
       878         851         850
       911         878         910
       937         910         909
       970         937         969
       996         969         968
      1029         996        1028
      1055        1028        1027
      1088        1055        1087
      1114        1087        1086
        87          53          86
       112          86          85
       146         112         145
       171         145         144
       205         171         204
       230         204         203
       264         230         263
       289         263         262
       323         289         322
       348         322         321
       382         348         381
       407         381         380
       441         407         440
       466         440         439
       500         466         499
       525         499         498
       559         525         558
       584         558         557
       618         584         617
       643         617         616
       677         643         676
       702         676         675
       736         702         735
       761         735         734
       795         761         794
       820         794         793
       854         820         853
       879         853         852
       913         879         912
       938         912         911
       972         938         971
       997         971         970
      1031         997        1030
      1056        1030        1029
      1090        1056        1089
      1115        1089        1088
        89          54          88
       113          88          87
       148         113         147
       172         147         146
       207         172         206
       231         206         205
       266         231         265
       290         265         264
       325         290         324
       349         324         323
       384         349         383
       408         383         382
       443         408         442
       467         442         441
       502         467         501
       526         501         500
       561         526         560
       585         560         559
       620         585         619
       644         619         618
       679         644         678
       703         678         677
       738         703         737
       762         737         736
       797         762         796
       821         796         795
       856         821         855
       880         855         854
       915         880         914
       939         914         913
       974         939         973
       998         973         972
      1033         998        1032
      1057        1032        1031
      1092        1057        1091
      1116        1091        1090
        91          55          90
       114          90          89
       150         114         149
       173         149         148
       209         173         208
       232         208         207
       268         232         267
       291         267         266
       327         291         326
       350         326         325
       386         350         385
       409         385         384
       445         409         444
       468         444         443
       504         468         503
       527         503         502
       563         527         562
       586         562         561
       622         586         621
       645         621         620
       681         645         680
       704         680         679
       740         704         739
       763         739         738
       799         763         798
       822         798         797
       858         822         857
       881         857         856
       917         881         916
       940         916         915
       976         940         975
       999         975         974
      1035         999        1034
      1058        1034        1033
      1094        1058        1093
      1117        1093        1092
        93          56          92
       115          92          91
       152         115         151
       174         151         150
       211         174         210
       233         210         209
       270         233         269
       292         269         268
       329         292         328
       351         328         327
       388         351         387
       410         387         386
       447         410         446
       469         446         445
       506         469         505
       528         505         504
       565         528         564
       587         564         563
       624         587         623
       646         623         622
       683         646         682
       705         682         681
       742         705         741
       764         741         740
       801         764         800
       823         800         799
       860         823         859
       882         859         858
       919         882         918
       941         918         917
       978         941         977
      1000         977         976
      1037        1000        1036
      1059        1036        1035
      1096        1059        1095
      1118        1095        1094
        95          57          94
       116          94          93
       154         116         153
       175         153         152
       213         175         212
       234         212         211
       272         234         271
       293         271         270
       331         293         330
       352         330         329
       390         352         389
       411         389         388
       449         411         448
       470         448         447
       508         470         507
       529         507         506
       567         529         566
       588         566         565
       626         588         625
       647         625         624
       685         647         684
       706         684         683
       744         706         743
       765         743         742
       803         765         802
       824         802         801
       862         824         861
       883         861         860
       921         883         920
       942         920         919
       980         942         979
      1001         979         978
      1039        1001        1038
      1060        1038        1037
      1098        1060        1097
      1119        1097        1096
        97          58          96
       117          96          95
       156         117         155
       176         155         154
       215         176         214
       235         214         213
       274         235         273
       294         273         272
       333         294         332
       353         332         331
       392         353         391
       412         391         390
       451         412         450
       471         450         449
       510         471         509
       530         509         508
       569         530         568
       589         568         567
       628         589         627
       648         627         626
       687         648         686
       707         686         685
       746         707         745
       766         745         744
       805         766         804
       825         804         803
       864         825         863
       884         863         862
       923         884         922
       943         922         921
       982         943         981
      1002         981         980
      1041        1002        1040
      1061        1040        1039
      1100        1061        1099
      1120        1099        1098
         2        1161           1
        40           1        1181
        61          40          60
        99          60        1183
       120          99         119
       158         119        1185
       179         158         178
       217         178        1187
       238         217         237
       276         237        1189
       297         276         296
       335         296        1191
       356         335         355
       394         355        1193
       415         394         414
       453         414        1195
       474         453         473
       512         473        1197
       533         512         532
       571         532        1199
       592         571         591
       630         591        1201
       651         630         650
       689         650        1203
       710         689         709
       748         709        1205
       769         748         768
       807         768        1207
       828         807         827
       866         827        1209
       887         866         886
       925         886        1211
       946         925         945
       984         945        1213
      1005         984        1004
      1043        1004        1215
      1064        1043        1063
      1102        1063        1217
      1123        1102        1122
      1221        1122        1219
      1125        1103        1124
      1222        1124        1123
      1127        1104        1126
      1223        1126        1125
      1129        1105        1128
      1224        1128        1127
      1131        1106        1130
      1225        1130        1129
      1133        1107        1132
      1226        1132        1131
      1135        1108        1134
      1227        1134        1133
      1137        1109        1136
      1228        1136        1135
      1139        1110        1138
      1229        1138        1137
      1141        1111        1140
      1230        1140        1139
      1143        1112        1142
      1231        1142        1141
      1145        1113        1144
      1232        1144        1143
      1147        1114        1146
      1233        1146        1145
      1149        1115        1148
      1234        1148        1147
      1151        1116        1150
      1235        1150        1149
      1153        1117        1152
      1236        1152        1151
      1155        1118        1154
      1237        1154        1153
      1157        1119        1156
      1238        1156        1155
      1159        1120        1158
      1239        1158        1157
      1220        1121        1160
      1240        1160        1159
      1218        1062        1101
      1121        1101        1100
      1216        1003        1042
      1062        1042        1041
      1214         944         983
      1003         983         982
      1212         885         924
       944         924         923
      1210         826         865
       885         865         864
      1208         767         806
       826         806         805
      1206         708         747
       767         747         746
      1204         649         688
       708         688         687
      1202         590         629
       649         629         628
      1200         531         570
       590         570         569
      1198         472         511
       531         511         510
      1196         413         452
       472         452         451
      1194         354         393
       413         393         392
      1192         295         334
       354         334         333
      1190         236         275
       295         275         274
      1188         177         216
       236         216         215
      1186         118         157
       177         157         156
      1184          59          98
       118          98          97
      1182        1180          39
        59          39          38
        38        1179          37
        58          37          36
        36        1178          35
        57          35          34
        34        1177          33
        56          33          32
        32        1176          31
        55          31          30
        30        1175          29
        54          29          28
        28        1174          27
        53          27          26
        26        1173          25
        52          25          24
        24        1172          23
        51          23          22
        22        1171          21
        50          21          20
        20        1170          19
        49          19          18
        18        1169          17
        48          17          16
        16        1168          15
        47          15          14
        14        1167          13
        46          13          12
        12        1166          11
        45          11          10
        10        1165           9
        44           9           8
         8        1164           7
        43           7           6
         6        1163           5
        42           5           4
         4        1162           3
        41           3           2
