       649         650
       800         649
       799         800
       798         799
       797         798
       797         796
       795         796
       794         795
       793         794
       792         793
       791         792
       790         791
       789         790
       788         789
       787         788
       786         787
       785         786
       784         785
       783         784
       783         782
       781         782
       780         781
       779         780
       778         779
       777         778
       777         776
       775         776
       775         774
       773         774
       772         773
       771         772
       770         771
       769         770
       769         768
       767         768
       767         766
       765         766
       764         765
       763         764
       650         651
       800           1
       798          37
       796          73
       794         109
       792         145
       790         181
       788         217
       786         253
       784         289
       782         325
       780         361
       778         397
       776         433
       774         469
       772         505
       770         541
       768         577
       766         613
       764         761
       651         652
         2         651
         1           2
         1          38
        37          38
        37          74
        73          74
       110          73
       109         110
       146         109
       145         146
       182         145
       181         182
       218         181
       217         218
       254         217
       253         254
       290         253
       289         290
       326         289
       325         326
       362         325
       361         362
       361         398
       397         398
       434         397
       433         434
       470         433
       469         470
       506         469
       505         506
       505         542
       541         542
       578         541
       577         578
       614         577
       613         614
       613         762
       761         762
       652         653
         2           3
        38          39
        74          75
       110         111
       146         147
       182         183
       218         219
       254         255
       290         291
       326         327
       362         363
       398         399
       434         435
       470         471
       506         507
       542         543
       578         579
       614         615
       762         759
       653         654
       653           4
         3           4
        40           3
        39          40
        39          76
        75          76
        75         112
       111         112
       148         111
       147         148
       184         147
       183         184
       220         183
       219         220
       256         219
       255         256
       255         292
       291         292
       291         328
       327         328
       364         327
       363         364
       363         400
       399         400
       399         436
       435         436
       435         472
       471         472
       508         471
       507         508
       544         507
       543         544
       580         543
       579         580
       579         616
       615         616
       760         615
       759         760
       654         655
         4           5
        40          41
        76          77
       112         113
       148         149
       184         185
       220         221
       256         257
       292         293
       328         329
       364         365
       400         401
       436         437
       472         473
       508         509
       544         545
       580         581
       616         617
       760         757
       655         656
       655           6
         5           6
         5          42
        41          42
        78          41
        77          78
        77         114
       113         114
       113         150
       149         150
       186         149
       185         186
       222         185
       221         222
       258         221
       257         258
       257         294
       293         294
       330         293
       329         330
       366         329
       365         366
       402         365
       401         402
       401         438
       437         438
       437         474
       473         474
       473         510
       509         510
       509         546
       545         546
       582         545
       581         582
       618         581
       617         618
       758         617
       757         758
       656         657
         6           7
        42          43
        78          79
       114         115
       150         151
       186         187
       222         223
       258         259
       294         295
       330         331
       366         367
       402         403
       438         439
       474         475
       510         511
       546         547
       582         583
       618         619
       758         755
       657         658
       657           8
         7           8
        44           7
        43          44
        43          80
        79          80
       116          79
       115         116
       152         115
       151         152
       188         151
       187         188
       224         187
       223         224
       260         223
       259         260
       296         259
       295         296
       332         295
       331         332
       368         331
       367         368
       404         367
       403         404
       440         403
       439         440
       476         439
       475         476
       475         512
       511         512
       511         548
       547         548
       547         584
       583         584
       583         620
       619         620
       619         756
       755         756
       658         659
         8           9
        44          45
        80          81
       116         117
       152         153
       188         189
       224         225
       260         261
       296         297
       332         333
       368         369
       404         405
       440         441
       476         477
       512         513
       548         549
       584         585
       620         621
       756         753
       659         660
       659          10
         9          10
         9          46
        45          46
        82          45
        81          82
       118          81
       117         118
       154         117
       153         154
       190         153
       189         190
       189         226
       225         226
       262         225
       261         262
       298         261
       297         298
       297         334
       333         334
       370         333
       369         370
       406         369
       405         406
       442         405
       441         442
       478         441
       477         478
       514         477
       513         514
       513         550
       549         550
       586         549
       585         586
       585         622
       621         622
       754         621
       753         754
       660         661
        10          11
        46          47
        82          83
       118         119
       154         155
       190         191
       226         227
       262         263
       298         299
       334         335
       370         371
       406         407
       442         443
       478         479
       514         515
       550         551
       586         587
       622         623
       754         751
       661         662
        12         661
        11          12
        48          11
        47          48
        84          47
        83          84
        83         120
       119         120
       119         156
       155         156
       155         192
       191         192
       191         228
       227         228
       264         227
       263         264
       300         263
       299         300
       299         336
       335         336
       372         335
       371         372
       408         371
       407         408
       444         407
       443         444
       480         443
       479         480
       516         479
       515         516
       515         552
       551         552
       588         551
       587         588
       624         587
       623         624
       752         623
       751         752
       662         663
        12          13
        48          49
        84          85
       120         121
       156         157
       192         193
       228         229
       264         265
       300         301
       336         337
       372         373
       408         409
       444         445
       480         481
       516         517
       552         553
       588         589
       624         625
       752         749
       663         664
        14         663
        13          14
        50          13
        49          50
        86          49
        85          86
       122          85
       121         122
       121         158
       157         158
       194         157
       193         194
       230         193
       229         230
       266         229
       265         266
       302         265
       301         302
       338         301
       337         338
       374         337
       373         374
       373         410
       409         410
       409         446
       445         446
       445         482
       481         482
       518         481
       517         518
       517         554
       553         554
       553         590
       589         590
       589         626
       625         626
       625         750
       749         750
       664         665
        14          15
        50          51
        86          87
       122         123
       158         159
       194         195
       230         231
       266         267
       302         303
       338         339
       374         375
       410         411
       446         447
       482         483
       518         519
       554         555
       590         591
       626         627
       750         747
       665         666
       665          16
        15          16
        52          15
        51          52
        51          88
        87          88
        87         124
       123         124
       160         123
       159         160
       196         159
       195         196
       195         232
       231         232
       231         268
       267         268
       267         304
       303         304
       340         303
       339         340
       339         376
       375         376
       412         375
       411         412
       448         411
       447         448
       447         484
       483         484
       483         520
       519         520
       556         519
       555         556
       555         592
       591         592
       628         591
       627         628
       748         627
       747         748
       666         667
        16          17
        52          53
        88          89
       124         125
       160         161
       196         197
       232         233
       268         269
       304         305
       340         341
       376         377
       412         413
       448         449
       484         485
       520         521
       556         557
       592         593
       628         629
       748         745
       667         668
        18         667
        17          18
        54          17
        53          54
        53          90
        89          90
        89         126
       125         126
       125         162
       161         162
       161         198
       197         198
       234         197
       233         234
       233         270
       269         270
       306         269
       305         306
       342         305
       341         342
       341         378
       377         378
       414         377
       413         414
       413         450
       449         450
       486         449
       485         486
       522         485
       521         522
       558         521
       557         558
       594         557
       593         594
       593         630
       629         630
       629         746
       745         746
       668         669
        18          19
        54          55
        90          91
       126         127
       162         163
       198         199
       234         235
       270         271
       306         307
       342         343
       378         379
       414         415
       450         451
       486         487
       522         523
       558         559
       594         595
       630         631
       746         743
       669         670
        20         669
        19          20
        56          19
        55          56
        55          92
        91          92
        91         128
       127         128
       164         127
       163         164
       163         200
       199         200
       236         199
       235         236
       272         235
       271         272
       271         308
       307         308
       344         307
       343         344
       380         343
       379         380
       379         416
       415         416
       415         452
       451         452
       488         451
       487         488
       524         487
       523         524
       523         560
       559         560
       559         596
       595         596
       632         595
       631         632
       744         631
       743         744
       670         671
        20          21
        56          57
        92          93
       128         129
       164         165
       200         201
       236         237
       272         273
       308         309
       344         345
       380         381
       416         417
       452         453
       488         489
       524         525
       560         561
       596         597
       632         633
       744         741
       671         672
        22         671
        21          22
        21          58
        57          58
        57          94
        93          94
       130          93
       129         130
       166         129
       165         166
       202         165
       201         202
       201         238
       237         238
       237         274
       273         274
       310         273
       309         310
       346         309
       345         346
       345         382
       381         382
       418         381
       417         418
       417         454
       453         454
       453         490
       489         490
       526         489
       525         526
       525         562
       561         562
       561         598
       597         598
       634         597
       633         634
       742         633
       741         742
       672         673
        22          23
        58          59
        94          95
       130         131
       166         167
       202         203
       238         239
       274         275
       310         311
       346         347
       382         383
       418         419
       454         455
       490         491
       526         527
       562         563
       598         599
       634         635
       742         739
       673         674
        24         673
        23          24
        60          23
        59          60
        96          59
        95          96
        95         132
       131         132
       168         131
       167         168
       204         167
       203         204
       240         203
       239         240
       276         239
       275         276
       312         275
       311         312
       348         311
       347         348
       384         347
       383         384
       383         420
       419         420
       456         419
       455         456
       455         492
       491         492
       528         491
       527         528
       527         564
       563         564
       600         563
       599         600
       636         599
       635         636
       635         740
       739         740
       674         675
        24          25
        60          61
        96          97
       132         133
       168         169
       204         205
       240         241
       276         277
       312         313
       348         349
       384         385
       420         421
       456         457
       492         493
       528         529
       564         565
       600         601
       636         637
       740         737
       675         676
        26         675
        25          26
        25          62
        61          62
        61          98
        97          98
        97         134
       133         134
       170         133
       169         170
       169         206
       205         206
       205         242
       241         242
       278         241
       277         278
       314         277
       313         314
       313         350
       349         350
       386         349
       385         386
       422         385
       421         422
       458         421
       457         458
       457         494
       493         494
       493         530
       529         530
       529         566
       565         566
       602         565
       601         602
       601         638
       637         638
       738         637
       737         738
       676         677
        26          27
        62          63
        98          99
       134         135
       170         171
       206         207
       242         243
       278         279
       314         315
       350         351
       386         387
       422         423
       458         459
       494         495
       530         531
       566         567
       602         603
       638         639
       738         735
       677         678
        28         677
        27          28
        64          27
        63          64
       100          63
        99         100
       136          99
       135         136
       135         172
       171         172
       208         171
       207         208
       207         244
       243         244
       280         243
       279         280
       316         279
       315         316
       352         315
       351         352
       388         351
       387         388
       387         424
       423         424
       460         423
       459         460
       496         459
       495         496
       495         532
       531         532
       568         531
       567         568
       567         604
       603         604
       640         603
       639         640
       736         639
       735         736
       678         679
        28          29
        64          65
       100         101
       136         137
       172         173
       208         209
       244         245
       280         281
       316         317
       352         353
       388         389
       424         425
       460         461
       496         497
       532         533
       568         569
       604         605
       640         641
       736         733
       679         680
       679          30
        29          30
        66          29
        65          66
       102          65
       101         102
       138         101
       137         138
       137         174
       173         174
       210         173
       209         210
       246         209
       245         246
       245         282
       281         282
       281         318
       317         318
       354         317
       353         354
       390         353
       389         390
       389         426
       425         426
       462         425
       461         462
       461         498
       497         498
       497         534
       533         534
       570         533
       569         570
       606         569
       605         606
       642         605
       641         642
       641         734
       733         734
       680         681
        30          31
        66          67
       102         103
       138         139
       174         175
       210         211
       246         247
       282         283
       318         319
       354         355
       390         391
       426         427
       462         463
       498         499
       534         535
       570         571
       606         607
       642         643
       734         731
       681         682
        32         681
        31          32
        68          31
        67          68
       104          67
       103         104
       140         103
       139         140
       176         139
       175         176
       212         175
       211         212
       211         248
       247         248
       247         284
       283         284
       283         320
       319         320
       356         319
       355         356
       392         355
       391         392
       428         391
       427         428
       464         427
       463         464
       500         463
       499         500
       499         536
       535         536
       572         535
       571         572
       608         571
       607         608
       607         644
       643         644
       643         732
       731         732
       682         683
        32          33
        68          69
       104         105
       140         141
       176         177
       212         213
       248         249
       284         285
       320         321
       356         357
       392         393
       428         429
       464         465
       500         501
       536         537
       572         573
       608         609
       644         645
       732         729
       683         684
        34         683
        33          34
        33          70
        69          70
       106          69
       105         106
       105         142
       141         142
       141         178
       177         178
       214         177
       213         214
       213         250
       249         250
       249         286
       285         286
       285         322
       321         322
       358         321
       357         358
       394         357
       393         394
       393         430
       429         430
       429         466
       465         466
       502         465
       501         502
       501         538
       537         538
       574         537
       573         574
       610         573
       609         610
       609         646
       645         646
       730         645
       729         730
       684         685
        34          35
        70          71
       106         107
       142         143
       178         179
       214         215
       250         251
       286         287
       322         323
       358         359
       394         395
       430         431
       466         467
       502         503
       538         539
       574         575
       610         611
       646         647
       730         727
       685         686
        36         685
        35          36
        35          72
        71          72
       108          71
       107         108
       144         107
       143         144
       143         180
       179         180
       216         179
       215         216
       215         252
       251         252
       251         288
       287         288
       287         324
       323         324
       360         323
       359         360
       396         359
       395         396
       432         395
       431         432
       431         468
       467         468
       467         504
       503         504
       540         503
       539         540
       576         539
       575         576
       612         575
       611         612
       611         648
       647         648
       728         647
       727         728
       686         687
        36         689
        72         691
       108         693
       144         695
       180         697
       216         699
       252         701
       288         703
       324         705
       360         707
       396         709
       432         711
       468         713
       504         715
       540         717
       576         719
       612         721
       648         723
       728         725
       687         688
       687         690
       689         690
       692         689
       691         692
       694         691
       693         694
       693         696
       695         696
       695         698
       697         698
       700         697
       699         700
       702         699
       701         702
       704         701
       703         704
       706         703
       705         706
       708         705
       707         708
       710         707
       709         710
       709         712
       711         712
       714         711
       713         714
       713         716
       715         716
       718         715
       717         718
       720         717
       719         720
       722         719
       721         722
       724         721
       723         724
       723         726
       725         726
       649         688
       799         690
       797         692
       795         694
       793         696
       791         698
       789         700
       787         702
       785         704
       783         706
       781         708
       779         710
       777         712
       775         714
       773         716
       771         718
       769         720
       767         722
       765         724
       763         726
       763         650
       650         763
       761         652
       652         761
       759         654
       654         759
       757         656
       656         757
       755         658
       658         755
       753         660
       660         753
       751         662
       662         751
       749         664
       664         749
       747         666
       666         747
       745         668
       668         745
       743         670
       670         743
       741         672
       672         741
       739         674
       674         739
       737         676
       676         737
       735         678
       678         735
       733         680
       680         733
       731         682
       682         731
       729         684
       684         729
       727         686
       686         727
       725         688
       688         725
       649         688
       799         690
       797         692
       795         694
       793         696
       791         698
       789         700
       787         702
       785         704
       783         706
       781         708
       779         710
       777         712
       775         714
       773         716
       771         718
       769         720
       767         722
       765         724
       763         726
