         1          21          20
         1           2          21
         2          22          21
         2           3          22
         3          23          22
         3           4          23
         4          24          23
         4           5          24
         5          25          24
         5           6          25
         6          26          25
         6           7          26
         7          27          26
         7           8          27
         8          28          27
         8           9          28
         9          29          28
         9          10          29
        10          30          29
        10          11          30
        11          31          30
        11          12          31
        12          32          31
        12          13          32
        13          33          32
        13          14          33
        14          34          33
        14          15          34
        15          35          34
        15          16          35
        16          36          35
        16          17          36
        17          37          36
        17          18          37
        18          38          37
        18          19          38
        20          40          39
        20          21          40
        21          41          40
        21          22          41
        22          42          41
        22          23          42
        23          43          42
        23          24          43
        24          44          43
        24          25          44
        25          45          44
        25          26          45
        26          46          45
        26          27          46
        27          47          46
        27          28          47
        28          48          47
        28          29          48
        29          49          48
        29          30          49
        30          50          49
        30          31          50
        31          51          50
        31          32          51
        32          52          51
        32          33          52
        33          53          52
        33          34          53
        34          54          53
        34          35          54
        35          55          54
        35          36          55
        36          56          55
        36          37          56
        37          57          56
        37          38          57
        39          59          58
        39          40          59
        40          60          59
        40          41          60
        41          61          60
        41          42          61
        42          62          61
        42          43          62
        43          63          62
        43          44          63
        44          64          63
        44          45          64
        45          65          64
        45          46          65
        46          66          65
        46          47          66
        47          67          66
        47          48          67
        48          68          67
        48          49          68
        49          69          68
        49          50          69
        50          70          69
        50          51          70
        51          71          70
        51          52          71
        52          72          71
        52          53          72
        53          73          72
        53          54          73
        54          74          73
        54          55          74
        55          75          74
        55          56          75
        56          76          75
        56          57          76
        58          78          77
        58          59          78
        59          79          78
        59          60          79
        60          80          79
        60          61          80
        61          81          80
        61          62          81
        62          82          81
        62          63          82
        63          83          82
        63          64          83
        64          84          83
        64          65          84
        65          85          84
        65          66          85
        66          86          85
        66          67          86
        67          87          86
        67          68          87
        68          88          87
        68          69          88
        69          89          88
        69          70          89
        70          90          89
        70          71          90
        71          91          90
        71          72          91
        72          92          91
        72          73          92
        73          93          92
        73          74          93
        74          94          93
        74          75          94
        75          95          94
        75          76          95
        77          97          96
        77          78          97
        78          98          97
        78          79          98
        79          99          98
        79          80          99
        80         100          99
        80          81         100
        81         101         100
        81          82         101
        82         102         101
        82          83         102
        83         103         102
        83          84         103
        84         104         103
        84          85         104
        85         105         104
        85          86         105
        86         106         105
        86          87         106
        87         107         106
        87          88         107
        88         108         107
        88          89         108
        89         109         108
        89          90         109
        90         110         109
        90          91         110
        91         111         110
        91          92         111
        92         112         111
        92          93         112
        93         113         112
        93          94         113
        94         114         113
        94          95         114
        96         116         115
        96          97         116
        97         117         116
        97          98         117
        98         118         117
        98          99         118
        99         119         118
        99         100         119
       100         120         119
       100         101         120
       101         121         120
       101         102         121
       102         122         121
       102         103         122
       103         123         122
       103         104         123
       104         124         123
       104         105         124
       105         125         124
       105         106         125
       106         126         125
       106         107         126
       107         127         126
       107         108         127
       108         128         127
       108         109         128
       109         129         128
       109         110         129
       110         130         129
       110         111         130
       111         131         130
       111         112         131
       112         132         131
       112         113         132
       113         133         132
       113         114         133
       115         135         134
       115         116         135
       116         136         135
       116         117         136
       117         137         136
       117         118         137
       118         138         137
       118         119         138
       119         139         138
       119         120         139
       120         140         139
       120         121         140
       121         141         140
       121         122         141
       122         142         141
       122         123         142
       123         143         142
       123         124         143
       124         144         143
       124         125         144
       125         145         144
       125         126         145
       126         146         145
       126         127         146
       127         147         146
       127         128         147
       128         148         147
       128         129         148
       129         149         148
       129         130         149
       130         150         149
       130         131         150
       131         151         150
       131         132         151
       132         152         151
       132         133         152
       134         154         153
       134         135         154
       135         155         154
       135         136         155
       136         156         155
       136         137         156
       137         157         156
       137         138         157
       138         158         157
       138         139         158
       139         159         158
       139         140         159
       140         160         159
       140         141         160
       141         161         160
       141         142         161
       142         162         161
       142         143         162
       143         163         162
       143         144         163
       144         164         163
       144         145         164
       145         165         164
       145         146         165
       146         166         165
       146         147         166
       147         167         166
       147         148         167
       148         168         167
       148         149         168
       149         169         168
       149         150         169
       150         170         169
       150         151         170
       151         171         170
       151         152         171
       153         173         172
       153         154         173
       154         174         173
       154         155         174
       155         175         174
       155         156         175
       156         176         175
       156         157         176
       157         177         176
       157         158         177
       158         178         177
       158         159         178
       159         179         178
       159         160         179
       160         180         179
       160         161         180
       161         181         180
       161         162         181
       162         182         181
       162         163         182
       163         183         182
       163         164         183
       164         184         183
       164         165         184
       165         185         184
       165         166         185
       166         186         185
       166         167         186
       167         187         186
       167         168         187
       168         188         187
       168         169         188
       169         189         188
       169         170         189
       170         190         189
       170         171         190
       172         192         191
       172         173         192
       173         193         192
       173         174         193
       174         194         193
       174         175         194
       175         195         194
       175         176         195
       176         196         195
       176         177         196
       177         197         196
       177         178         197
       178         198         197
       178         179         198
       179         199         198
       179         180         199
       180         200         199
       180         181         200
       181         201         200
       181         182         201
       182         202         201
       182         183         202
       183         203         202
       183         184         203
       184         204         203
       184         185         204
       185         205         204
       185         186         205
       186         206         205
       186         187         206
       187         207         206
       187         188         207
       188         208         207
       188         189         208
       189         209         208
       189         190         209
       191         211         210
       191         192         211
       192         212         211
       192         193         212
       193         213         212
       193         194         213
       194         214         213
       194         195         214
       195         215         214
       195         196         215
       196         216         215
       196         197         216
       197         217         216
       197         198         217
       198         218         217
       198         199         218
       199         219         218
       199         200         219
       200         220         219
       200         201         220
       201         221         220
       201         202         221
       202         222         221
       202         203         222
       203         223         222
       203         204         223
       204         224         223
       204         205         224
       205         225         224
       205         206         225
       206         226         225
       206         207         226
       207         227         226
       207         208         227
       208         228         227
       208         209         228
       210         230         229
       210         211         230
       211         231         230
       211         212         231
       212         232         231
       212         213         232
       213         233         232
       213         214         233
       214         234         233
       214         215         234
       215         235         234
       215         216         235
       216         236         235
       216         217         236
       217         237         236
       217         218         237
       218         238         237
       218         219         238
       219         239         238
       219         220         239
       220         240         239
       220         221         240
       221         241         240
       221         222         241
       222         242         241
       222         223         242
       223         243         242
       223         224         243
       224         244         243
       224         225         244
       225         245         244
       225         226         245
       226         246         245
       226         227         246
       227         247         246
       227         228         247
       229         249         248
       229         230         249
       230         250         249
       230         231         250
       231         251         250
       231         232         251
       232         252         251
       232         233         252
       233         253         252
       233         234         253
       234         254         253
       234         235         254
       235         255         254
       235         236         255
       236         256         255
       236         237         256
       237         257         256
       237         238         257
       238         258         257
       238         239         258
       239         259         258
       239         240         259
       240         260         259
       240         241         260
       241         261         260
       241         242         261
       242         262         261
       242         243         262
       243         263         262
       243         244         263
       244         264         263
       244         245         264
       245         265         264
       245         246         265
       246         266         265
       246         247         266
       248         268         267
       248         249         268
       249         269         268
       249         250         269
       250         270         269
       250         251         270
       251         271         270
       251         252         271
       252         272         271
       252         253         272
       253         273         272
       253         254         273
       254         274         273
       254         255         274
       255         275         274
       255         256         275
       256         276         275
       256         257         276
       257         277         276
       257         258         277
       258         278         277
       258         259         278
       259         279         278
       259         260         279
       260         280         279
       260         261         280
       261         281         280
       261         262         281
       262         282         281
       262         263         282
       263         283         282
       263         264         283
       264         284         283
       264         265         284
       265         285         284
       265         266         285
       267         287         286
       267         268         287
       268         288         287
       268         269         288
       269         289         288
       269         270         289
       270         290         289
       270         271         290
       271         291         290
       271         272         291
       272         292         291
       272         273         292
       273         293         292
       273         274         293
       274         294         293
       274         275         294
       275         295         294
       275         276         295
       276         296         295
       276         277         296
       277         297         296
       277         278         297
       278         298         297
       278         279         298
       279         299         298
       279         280         299
       280         300         299
       280         281         300
       281         301         300
       281         282         301
       282         302         301
       282         283         302
       283         303         302
       283         284         303
       284         304         303
       284         285         304
       286         306         305
       286         287         306
       287         307         306
       287         288         307
       288         308         307
       288         289         308
       289         309         308
       289         290         309
       290         310         309
       290         291         310
       291         311         310
       291         292         311
       292         312         311
       292         293         312
       293         313         312
       293         294         313
       294         314         313
       294         295         314
       295         315         314
       295         296         315
       296         316         315
       296         297         316
       297         317         316
       297         298         317
       298         318         317
       298         299         318
       299         319         318
       299         300         319
       300         320         319
       300         301         320
       301         321         320
       301         302         321
       302         322         321
       302         303         322
       303         323         322
       303         304         323
       305         325         324
       305         306         325
       306         326         325
       306         307         326
       307         327         326
       307         308         327
       308         328         327
       308         309         328
       309         329         328
       309         310         329
       310         330         329
       310         311         330
       311         331         330
       311         312         331
       312         332         331
       312         313         332
       313         333         332
       313         314         333
       314         334         333
       314         315         334
       315         335         334
       315         316         335
       316         336         335
       316         317         336
       317         337         336
       317         318         337
       318         338         337
       318         319         338
       319         339         338
       319         320         339
       320         340         339
       320         321         340
       321         341         340
       321         322         341
       322         342         341
       322         323         342
       324         344         343
       324         325         344
       325         345         344
       325         326         345
       326         346         345
       326         327         346
       327         347         346
       327         328         347
       328         348         347
       328         329         348
       329         349         348
       329         330         349
       330         350         349
       330         331         350
       331         351         350
       331         332         351
       332         352         351
       332         333         352
       333         353         352
       333         334         353
       334         354         353
       334         335         354
       335         355         354
       335         336         355
       336         356         355
       336         337         356
       337         357         356
       337         338         357
       338         358         357
       338         339         358
       339         359         358
       339         340         359
       340         360         359
       340         341         360
       341         361         360
       341         342         361
       362           1         441
       362         363           1
       363           2           1
       363         364           2
       364           3           2
       364         365           3
       365           4           3
       365         366           4
       366           5           4
       366         367           5
       367           6           5
       367         368           6
       368           7           6
       368         369           7
       369           8           7
       369         370           8
       370           9           8
       370         371           9
       371          10           9
       371         372          10
       372          11          10
       372         373          11
       373          12          11
       373         374          12
       374          13          12
       374         375          13
       375          14          13
       375         376          14
       376          15          14
       376         377          15
       377          16          15
       377         378          16
       378          17          16
       378         379          17
       379          18          17
       379         380          18
       380          19          18
       380         381          19
       381         383          19
       381         382         383
        19         384          38
        19         383         384
        38         385          57
        38         384         385
        57         386          76
        57         385         386
        76         387          95
        76         386         387
        95         388         114
        95         387         388
       114         389         133
       114         388         389
       133         390         152
       133         389         390
       152         391         171
       152         390         391
       171         392         190
       171         391         392
       190         393         209
       190         392         393
       209         394         228
       209         393         394
       228         395         247
       228         394         395
       247         396         266
       247         395         396
       266         397         285
       266         396         397
       285         398         304
       285         397         398
       304         399         323
       304         398         399
       323         400         342
       323         399         400
       342         401         361
       342         400         401
       361         402         403
       361         401         402
       360         403         404
       360         361         403
       359         404         405
       359         360         404
       358         405         406
       358         359         405
       357         406         407
       357         358         406
       356         407         408
       356         357         407
       355         408         409
       355         356         408
       354         409         410
       354         355         409
       353         410         411
       353         354         410
       352         411         412
       352         353         411
       351         412         413
       351         352         412
       350         413         414
       350         351         413
       349         414         415
       349         350         414
       348         415         416
       348         349         415
       347         416         417
       347         348         416
       346         417         418
       346         347         417
       345         418         419
       345         346         418
       344         419         420
       344         345         419
       343         420         421
       343         344         420
       423         421         422
       423         343         421
       424         343         423
       424         324         343
       425         324         424
       425         305         324
       426         305         425
       426         286         305
       427         286         426
       427         267         286
       428         267         427
       428         248         267
       429         248         428
       429         229         248
       430         229         429
       430         210         229
       431         210         430
       431         191         210
       432         191         431
       432         172         191
       433         172         432
       433         153         172
       434         153         433
       434         134         153
       435         134         434
       435         115         134
       436         115         435
       436          96         115
       437          96         436
       437          77          96
       438          77         437
       438          58          77
       439          58         438
       439          39          58
       440          39         439
       440          20          39
       441          20         440
       441           1          20
