  2.2537516196613872e-02
  4.5787171871408121e-02
  4.5583118758240559e-02
  4.1679330465126743e-02
  4.5682504347971782e-02
  4.5894035708840188e-02
  4.5758709896495040e-02
  4.3082963598995903e-02
  4.5500244556385648e-02
  4.5599215759535586e-02
  4.2720438036283739e-02
  4.5866405874159730e-02
  3.3708246801796599e-02
  4.6159385481024398e-02
  3.3714576562255828e-02
  5.2242992343668512e-02
  4.3159712367121440e-02
  4.2809184464113435e-02
  3.9963462798059859e-02
  4.5264802347625199e-02
  4.1616541844006510e-02
  3.9569799158214590e-02
  4.5867362826096721e-02
  4.3698559165876470e-02
  4.0126584337463467e-02
  4.5076188614290517e-02
  3.4514836835390764e-02
  3.3135910311638997e-02
  3.2093166414383693e-02
  2.9513353227203429e-02
  3.2124660021594892e-02
  2.9564997638115195e-02
  4.2461961218470630e-02
  3.9976465435491187e-02
  4.4718869058502322e-02
  4.2150905145246678e-02
  3.9973741969420551e-02
  4.5200873362396483e-02
  4.3858787694857550e-02
  3.4517988046525692e-02
  4.1724219014244987e-02
  4.1574804498795748e-02
  4.6246257855384006e-02
  3.3114535940496417e-02
