	case 1:
		quad_pts->set(1, 1, -0.3333333333333333);
		quad_pts->set(1, 2, -0.3333333333333333);
		quad_wgts->set(1, 2.0);
		break;
	case 2:
		quad_pts->set(1, 1, -0.6666666666666666);
		quad_pts->set(1, 2, 0.33333333333333337);
		quad_pts->set(2, 1, -0.6666666666666666);
		quad_pts->set(2, 2, -0.6666666666666666);
		quad_pts->set(3, 1, 0.3333333333333333);
		quad_pts->set(3, 2, -0.6666666666666666);
		quad_wgts->set(1, 0.6666666666666666);
		quad_wgts->set(2, 0.6666666666666666);
		quad_wgts->set(3, 0.6666666666666666);
		break;
	case 3:
		quad_pts->set(1, 1, -0.10810301816807);
		quad_pts->set(1, 2, -0.78379396366386);
		quad_pts->set(2, 1, -0.10810301816807);
		quad_pts->set(2, 2, -0.10810301816807);
		quad_pts->set(3, 1, -0.78379396366386);
		quad_pts->set(3, 2, -0.10810301816807);
		quad_pts->set(4, 1, -0.816847572980459);
		quad_pts->set(4, 2, 0.633695145960917);
		quad_pts->set(5, 1, -0.816847572980459);
		quad_pts->set(5, 2, -0.816847572980459);
		quad_pts->set(6, 1, 0.6336951459609169);
		quad_pts->set(6, 2, -0.816847572980459);
		quad_wgts->set(1, 0.446763179356022);
		quad_wgts->set(2, 0.446763179356022);
		quad_wgts->set(3, 0.446763179356022);
		quad_wgts->set(4, 0.219903487310644);
		quad_wgts->set(5, 0.219903487310644);
		quad_wgts->set(6, 0.219903487310644);
		break;
	case 4:
		quad_pts->set(1, 1, -0.501426509658179);
		quad_pts->set(1, 2, 0.0028530193163590345);
		quad_pts->set(2, 1, -0.501426509658179);
		quad_pts->set(2, 2, -0.501426509658179);
		quad_pts->set(3, 1, 0.0028530193163590067);
		quad_pts->set(3, 2, -0.501426509658179);
		quad_pts->set(4, 1, -0.8738219710169961);
		quad_pts->set(4, 2, 0.747643942033992);
		quad_pts->set(5, 1, -0.8738219710169961);
		quad_pts->set(5, 2, -0.8738219710169959);
		quad_pts->set(6, 1, 0.747643942033992);
		quad_pts->set(6, 2, -0.873821971016996);
		quad_pts->set(7, 1, 0.273004998242798);
		quad_pts->set(7, 2, -0.893709900310366);
		quad_pts->set(8, 1, -0.37929509793243205);
		quad_pts->set(8, 2, 0.27300499824279795);
		quad_pts->set(9, 1, -0.893709900310366);
		quad_pts->set(9, 2, -0.379295097932432);
		quad_pts->set(10, 1, -0.893709900310366);
		quad_pts->set(10, 2, 0.273004998242798);
		quad_pts->set(11, 1, -0.37929509793243205);
		quad_pts->set(11, 2, -0.8937099003103659);
		quad_pts->set(12, 1, 0.273004998242798);
		quad_pts->set(12, 2, -0.379295097932432);
		quad_wgts->set(1, 0.233572551452758);
		quad_wgts->set(2, 0.233572551452758);
		quad_wgts->set(3, 0.233572551452758);
		quad_wgts->set(4, 0.101689812740414);
		quad_wgts->set(5, 0.101689812740414);
		quad_wgts->set(6, 0.101689812740414);
		quad_wgts->set(7, 0.165702151236748);
		quad_wgts->set(8, 0.165702151236748);
		quad_wgts->set(9, 0.165702151236748);
		quad_wgts->set(10, 0.165702151236748);
		quad_wgts->set(11, 0.165702151236748);
		quad_wgts->set(12, 0.165702151236748);
		break;
	case 5:
		quad_pts->set(1, 1, -0.3333333333333333);
		quad_pts->set(1, 2, -0.3333333333333333);
		quad_pts->set(2, 1, -0.08141482341455397);
		quad_pts->set(2, 2, -0.8371703531708921);
		quad_pts->set(3, 1, -0.08141482341455397);
		quad_pts->set(3, 2, -0.08141482341455397);
		quad_pts->set(4, 1, -0.8371703531708921);
		quad_pts->set(4, 2, -0.081414823414554);
		quad_pts->set(5, 1, -0.6588613844964799);
		quad_pts->set(5, 2, 0.31772276899296004);
		quad_pts->set(6, 1, -0.6588613844964799);
		quad_pts->set(6, 2, -0.65886138449648);
		quad_pts->set(7, 1, 0.31772276899296004);
		quad_pts->set(7, 2, -0.65886138449648);
		quad_pts->set(8, 1, -0.898905543365938);
		quad_pts->set(8, 2, 0.7978110867318761);
		quad_pts->set(9, 1, -0.898905543365938);
		quad_pts->set(9, 2, -0.898905543365938);
		quad_pts->set(10, 1, 0.797811086731876);
		quad_pts->set(10, 2, -0.898905543365938);
		quad_pts->set(11, 1, 0.45698478591080804);
		quad_pts->set(11, 2, -0.983210445180084);
		quad_pts->set(12, 1, -0.473774340730724);
		quad_pts->set(12, 2, 0.45698478591080804);
		quad_pts->set(13, 1, -0.983210445180084);
		quad_pts->set(13, 2, -0.473774340730724);
		quad_pts->set(14, 1, -0.983210445180084);
		quad_pts->set(14, 2, 0.45698478591080804);
		quad_pts->set(15, 1, -0.473774340730724);
		quad_pts->set(15, 2, -0.983210445180084);
		quad_pts->set(16, 1, 0.45698478591080804);
		quad_pts->set(16, 2, -0.473774340730724);
		quad_wgts->set(1, 0.288631215355574);
		quad_wgts->set(2, 0.19018326853457);
		quad_wgts->set(3, 0.19018326853457);
		quad_wgts->set(4, 0.19018326853457);
		quad_wgts->set(5, 0.206434741069436);
		quad_wgts->set(6, 0.206434741069436);
		quad_wgts->set(7, 0.206434741069436);
		quad_wgts->set(8, 0.064916995246396);
		quad_wgts->set(9, 0.064916995246396);
		quad_wgts->set(10, 0.064916995246396);
		quad_wgts->set(11, 0.05446062834887);
		quad_wgts->set(12, 0.05446062834887);
		quad_wgts->set(13, 0.05446062834887);
		quad_wgts->set(14, 0.05446062834887);
		quad_wgts->set(15, 0.05446062834887);
		quad_wgts->set(16, 0.05446062834887);
		break;
